Webots Project File version R2025a
perspectives: 000000ff00000000fd0000000200000001000001a6000002e3fc0200000001fb0000001400540065007800740045006400690074006f00720100000015000002e30000008500ffffff0000000300000780000000d9fc0100000001fb0000001a0043006f006e0073006f006c00650041006c006c0041006c006c0100000000000007800000006900ffffff000005d8000002e300000001000000020000000100000008fc00000000
simulationViewPerspectives: 000000ff000000010000000200000168000004f80100000002010000000100
sceneTreePerspectives: 000000ff00000001000000030000001e00000285000000000100000002010000000200
maximizedDockId: -1
centralWidgetVisible: 1
orthographicViewHeight: 1
textFiles: 1 "controllers/mars_hover_controller/mars_hover_controller.py" "mars_hover_controller_main.py"
consoles: Console:All:All
renderingDevicePerspectives: Mars_Hover:front_camera;1;0.563516;0;0.525773
renderingDevicePerspectives: Mars_Hover:hud_display;1;0.396667;0;0
